500
20 1
11 12
16 13
11 18
19 2
15 1
7 17
11 9
20 6
5 15
7 14
4 15
8 2
7 18
14 20
1 12
15 19
3 1
8 13
4 10
20 2
11 12
16 13
11 18
19 2
15 1
7 17
11 9
20 6
5 15
7 14
4 15
8 2
7 18
14 20
1 12
15 19
3 1
8 13
4 10
20 3
11 12
16 13
11 18
19 2
15 1
7 17
11 9
20 6
5 15
7 14
4 15
8 2
7 18
14 20
1 12
15 19
3 1
8 13
4 10
20 4
11 12
16 13
11 18
19 2
15 1
7 17
11 9
20 6
5 15
7 14
4 15
8 2
7 18
14 20
1 12
15 19
3 1
8 13
4 10
20 5
11 12
16 13
11 18
19 2
15 1
7 17
11 9
20 6
5 15
7 14
4 15
8 2
7 18
14 20
1 12
15 19
3 1
8 13
4 10
20 1
12 4
13 3
9 6
17 15
12 17
12 20
2 4
19 4
10 11
10 16
16 17
10 5
16 9
8 14
5 18
9 7
8 2
20 3
1 15
20 2
12 4
13 3
9 6
17 15
12 17
12 20
2 4
19 4
10 11
10 16
16 17
10 5
16 9
8 14
5 18
9 7
8 2
20 3
1 15
20 3
12 4
13 3
9 6
17 15
12 17
12 20
2 4
19 4
10 11
10 16
16 17
10 5
16 9
8 14
5 18
9 7
8 2
20 3
1 15
20 4
12 4
13 3
9 6
17 15
12 17
12 20
2 4
19 4
10 11
10 16
16 17
10 5
16 9
8 14
5 18
9 7
8 2
20 3
1 15
20 5
12 4
13 3
9 6
17 15
12 17
12 20
2 4
19 4
10 11
10 16
16 17
10 5
16 9
8 14
5 18
9 7
8 2
20 3
1 15
20 1
15 16
14 13
4 20
8 3
6 11
8 15
16 12
18 2
2 6
4 18
3 2
16 7
10 5
16 19
8 13
5 20
17 19
1 18
9 6
20 2
15 16
14 13
4 20
8 3
6 11
8 15
16 12
18 2
2 6
4 18
3 2
16 7
10 5
16 19
8 13
5 20
17 19
1 18
9 6
20 3
15 16
14 13
4 20
8 3
6 11
8 15
16 12
18 2
2 6
4 18
3 2
16 7
10 5
16 19
8 13
5 20
17 19
1 18
9 6
20 4
15 16
14 13
4 20
8 3
6 11
8 15
16 12
18 2
2 6
4 18
3 2
16 7
10 5
16 19
8 13
5 20
17 19
1 18
9 6
20 5
15 16
14 13
4 20
8 3
6 11
8 15
16 12
18 2
2 6
4 18
3 2
16 7
10 5
16 19
8 13
5 20
17 19
1 18
9 6
20 1
9 8
5 16
4 10
3 14
19 6
9 2
4 7
12 9
12 18
1 15
2 6
5 19
13 6
4 16
11 16
15 6
18 20
17 9
4 14
20 2
9 8
5 16
4 10
3 14
19 6
9 2
4 7
12 9
12 18
1 15
2 6
5 19
13 6
4 16
11 16
15 6
18 20
17 9
4 14
20 3
9 8
5 16
4 10
3 14
19 6
9 2
4 7
12 9
12 18
1 15
2 6
5 19
13 6
4 16
11 16
15 6
18 20
17 9
4 14
20 4
9 8
5 16
4 10
3 14
19 6
9 2
4 7
12 9
12 18
1 15
2 6
5 19
13 6
4 16
11 16
15 6
18 20
17 9
4 14
20 5
9 8
5 16
4 10
3 14
19 6
9 2
4 7
12 9
12 18
1 15
2 6
5 19
13 6
4 16
11 16
15 6
18 20
17 9
4 14
20 1
1 5
15 16
16 11
13 3
3 5
9 11
17 20
16 10
6 11
18 9
15 8
16 19
4 7
12 1
16 3
2 8
14 6
17 1
7 19
20 2
1 5
15 16
16 11
13 3
3 5
9 11
17 20
16 10
6 11
18 9
15 8
16 19
4 7
12 1
16 3
2 8
14 6
17 1
7 19
20 3
1 5
15 16
16 11
13 3
3 5
9 11
17 20
16 10
6 11
18 9
15 8
16 19
4 7
12 1
16 3
2 8
14 6
17 1
7 19
20 4
1 5
15 16
16 11
13 3
3 5
9 11
17 20
16 10
6 11
18 9
15 8
16 19
4 7
12 1
16 3
2 8
14 6
17 1
7 19
20 5
1 5
15 16
16 11
13 3
3 5
9 11
17 20
16 10
6 11
18 9
15 8
16 19
4 7
12 1
16 3
2 8
14 6
17 1
7 19
20 1
5 14
13 3
10 6
7 2
5 19
1 11
18 7
9 3
5 18
17 16
9 7
6 19
15 16
20 8
20 18
4 5
20 11
19 15
12 13
20 2
5 14
13 3
10 6
7 2
5 19
1 11
18 7
9 3
5 18
17 16
9 7
6 19
15 16
20 8
20 18
4 5
20 11
19 15
12 13
20 3
5 14
13 3
10 6
7 2
5 19
1 11
18 7
9 3
5 18
17 16
9 7
6 19
15 16
20 8
20 18
4 5
20 11
19 15
12 13
20 4
5 14
13 3
10 6
7 2
5 19
1 11
18 7
9 3
5 18
17 16
9 7
6 19
15 16
20 8
20 18
4 5
20 11
19 15
12 13
20 5
5 14
13 3
10 6
7 2
5 19
1 11
18 7
9 3
5 18
17 16
9 7
6 19
15 16
20 8
20 18
4 5
20 11
19 15
12 13
20 1
12 5
17 11
18 4
19 17
7 8
19 15
19 5
6 17
18 6
3 19
9 7
4 16
18 13
7 15
16 1
12 20
10 11
20 2
14 15
20 2
12 5
17 11
18 4
19 17
7 8
19 15
19 5
6 17
18 6
3 19
9 7
4 16
18 13
7 15
16 1
12 20
10 11
20 2
14 15
20 3
12 5
17 11
18 4
19 17
7 8
19 15
19 5
6 17
18 6
3 19
9 7
4 16
18 13
7 15
16 1
12 20
10 11
20 2
14 15
20 4
12 5
17 11
18 4
19 17
7 8
19 15
19 5
6 17
18 6
3 19
9 7
4 16
18 13
7 15
16 1
12 20
10 11
20 2
14 15
20 5
12 5
17 11
18 4
19 17
7 8
19 15
19 5
6 17
18 6
3 19
9 7
4 16
18 13
7 15
16 1
12 20
10 11
20 2
14 15
20 1
9 19
10 5
4 12
15 2
11 7
5 8
1 10
12 15
13 20
1 12
6 13
6 2
8 17
15 9
5 11
13 14
3 20
14 16
17 18
20 2
9 19
10 5
4 12
15 2
11 7
5 8
1 10
12 15
13 20
1 12
6 13
6 2
8 17
15 9
5 11
13 14
3 20
14 16
17 18
20 3
9 19
10 5
4 12
15 2
11 7
5 8
1 10
12 15
13 20
1 12
6 13
6 2
8 17
15 9
5 11
13 14
3 20
14 16
17 18
20 4
9 19
10 5
4 12
15 2
11 7
5 8
1 10
12 15
13 20
1 12
6 13
6 2
8 17
15 9
5 11
13 14
3 20
14 16
17 18
20 5
9 19
10 5
4 12
15 2
11 7
5 8
1 10
12 15
13 20
1 12
6 13
6 2
8 17
15 9
5 11
13 14
3 20
14 16
17 18
20 1
4 2
4 15
7 14
10 19
9 1
8 20
20 7
1 8
9 15
6 17
17 4
1 12
19 3
10 1
5 18
13 19
15 18
11 12
16 5
20 2
4 2
4 15
7 14
10 19
9 1
8 20
20 7
1 8
9 15
6 17
17 4
1 12
19 3
10 1
5 18
13 19
15 18
11 12
16 5
20 3
4 2
4 15
7 14
10 19
9 1
8 20
20 7
1 8
9 15
6 17
17 4
1 12
19 3
10 1
5 18
13 19
15 18
11 12
16 5
20 4
4 2
4 15
7 14
10 19
9 1
8 20
20 7
1 8
9 15
6 17
17 4
1 12
19 3
10 1
5 18
13 19
15 18
11 12
16 5
20 5
4 2
4 15
7 14
10 19
9 1
8 20
20 7
1 8
9 15
6 17
17 4
1 12
19 3
10 1
5 18
13 19
15 18
11 12
16 5
20 1
2 3
9 11
18 2
13 15
2 5
10 20
16 4
7 8
19 20
6 2
11 14
2 8
16 20
5 1
11 18
13 19
20 3
2 17
19 12
20 2
2 3
9 11
18 2
13 15
2 5
10 20
16 4
7 8
19 20
6 2
11 14
2 8
16 20
5 1
11 18
13 19
20 3
2 17
19 12
20 3
2 3
9 11
18 2
13 15
2 5
10 20
16 4
7 8
19 20
6 2
11 14
2 8
16 20
5 1
11 18
13 19
20 3
2 17
19 12
20 4
2 3
9 11
18 2
13 15
2 5
10 20
16 4
7 8
19 20
6 2
11 14
2 8
16 20
5 1
11 18
13 19
20 3
2 17
19 12
20 5
2 3
9 11
18 2
13 15
2 5
10 20
16 4
7 8
19 20
6 2
11 14
2 8
16 20
5 1
11 18
13 19
20 3
2 17
19 12
20 1
19 6
5 3
14 10
14 1
18 11
19 9
10 19
15 1
12 1
20 5
7 16
20 16
19 17
2 15
15 18
20 11
4 8
19 8
13 10
20 2
19 6
5 3
14 10
14 1
18 11
19 9
10 19
15 1
12 1
20 5
7 16
20 16
19 17
2 15
15 18
20 11
4 8
19 8
13 10
20 3
19 6
5 3
14 10
14 1
18 11
19 9
10 19
15 1
12 1
20 5
7 16
20 16
19 17
2 15
15 18
20 11
4 8
19 8
13 10
20 4
19 6
5 3
14 10
14 1
18 11
19 9
10 19
15 1
12 1
20 5
7 16
20 16
19 17
2 15
15 18
20 11
4 8
19 8
13 10
20 5
19 6
5 3
14 10
14 1
18 11
19 9
10 19
15 1
12 1
20 5
7 16
20 16
19 17
2 15
15 18
20 11
4 8
19 8
13 10
20 1
3 13
10 20
10 3
11 17
1 6
9 20
19 15
19 11
8 11
20 6
12 6
17 7
1 18
15 9
14 12
2 19
9 4
16 3
9 5
20 2
3 13
10 20
10 3
11 17
1 6
9 20
19 15
19 11
8 11
20 6
12 6
17 7
1 18
15 9
14 12
2 19
9 4
16 3
9 5
20 3
3 13
10 20
10 3
11 17
1 6
9 20
19 15
19 11
8 11
20 6
12 6
17 7
1 18
15 9
14 12
2 19
9 4
16 3
9 5
20 4
3 13
10 20
10 3
11 17
1 6
9 20
19 15
19 11
8 11
20 6
12 6
17 7
1 18
15 9
14 12
2 19
9 4
16 3
9 5
20 5
3 13
10 20
10 3
11 17
1 6
9 20
19 15
19 11
8 11
20 6
12 6
17 7
1 18
15 9
14 12
2 19
9 4
16 3
9 5
20 1
8 9
2 17
13 16
16 6
11 10
20 17
16 15
9 14
17 18
14 4
7 16
10 8
16 5
14 16
2 6
2 1
12 14
20 19
4 3
20 2
8 9
2 17
13 16
16 6
11 10
20 17
16 15
9 14
17 18
14 4
7 16
10 8
16 5
14 16
2 6
2 1
12 14
20 19
4 3
20 3
8 9
2 17
13 16
16 6
11 10
20 17
16 15
9 14
17 18
14 4
7 16
10 8
16 5
14 16
2 6
2 1
12 14
20 19
4 3
20 4
8 9
2 17
13 16
16 6
11 10
20 17
16 15
9 14
17 18
14 4
7 16
10 8
16 5
14 16
2 6
2 1
12 14
20 19
4 3
20 5
8 9
2 17
13 16
16 6
11 10
20 17
16 15
9 14
17 18
14 4
7 16
10 8
16 5
14 16
2 6
2 1
12 14
20 19
4 3
20 1
2 16
19 9
13 1
19 20
13 11
11 20
17 15
10 5
9 7
6 3
18 9
17 9
20 10
7 14
5 8
11 6
8 12
2 19
4 9
20 2
2 16
19 9
13 1
19 20
13 11
11 20
17 15
10 5
9 7
6 3
18 9
17 9
20 10
7 14
5 8
11 6
8 12
2 19
4 9
20 3
2 16
19 9
13 1
19 20
13 11
11 20
17 15
10 5
9 7
6 3
18 9
17 9
20 10
7 14
5 8
11 6
8 12
2 19
4 9
20 4
2 16
19 9
13 1
19 20
13 11
11 20
17 15
10 5
9 7
6 3
18 9
17 9
20 10
7 14
5 8
11 6
8 12
2 19
4 9
20 5
2 16
19 9
13 1
19 20
13 11
11 20
17 15
10 5
9 7
6 3
18 9
17 9
20 10
7 14
5 8
11 6
8 12
2 19
4 9
20 1
1 14
6 14
7 2
8 14
3 10
8 19
17 19
10 15
13 5
7 9
2 6
2 10
4 1
16 1
3 20
8 12
15 5
1 11
8 18
20 2
1 14
6 14
7 2
8 14
3 10
8 19
17 19
10 15
13 5
7 9
2 6
2 10
4 1
16 1
3 20
8 12
15 5
1 11
8 18
20 3
1 14
6 14
7 2
8 14
3 10
8 19
17 19
10 15
13 5
7 9
2 6
2 10
4 1
16 1
3 20
8 12
15 5
1 11
8 18
20 4
1 14
6 14
7 2
8 14
3 10
8 19
17 19
10 15
13 5
7 9
2 6
2 10
4 1
16 1
3 20
8 12
15 5
1 11
8 18
20 5
1 14
6 14
7 2
8 14
3 10
8 19
17 19
10 15
13 5
7 9
2 6
2 10
4 1
16 1
3 20
8 12
15 5
1 11
8 18
20 1
19 11
13 4
7 17
7 12
3 15
19 13
9 7
18 7
17 5
6 20
12 16
12 11
8 11
15 17
20 4
1 6
17 14
2 14
1 10
20 2
19 11
13 4
7 17
7 12
3 15
19 13
9 7
18 7
17 5
6 20
12 16
12 11
8 11
15 17
20 4
1 6
17 14
2 14
1 10
20 3
19 11
13 4
7 17
7 12
3 15
19 13
9 7
18 7
17 5
6 20
12 16
12 11
8 11
15 17
20 4
1 6
17 14
2 14
1 10
20 4
19 11
13 4
7 17
7 12
3 15
19 13
9 7
18 7
17 5
6 20
12 16
12 11
8 11
15 17
20 4
1 6
17 14
2 14
1 10
20 5
19 11
13 4
7 17
7 12
3 15
19 13
9 7
18 7
17 5
6 20
12 16
12 11
8 11
15 17
20 4
1 6
17 14
2 14
1 10
20 1
12 17
11 12
11 2
7 13
12 13
2 18
15 2
11 8
6 13
5 11
4 7
18 3
15 14
19 8
16 17
7 1
11 10
8 9
20 1
20 2
12 17
11 12
11 2
7 13
12 13
2 18
15 2
11 8
6 13
5 11
4 7
18 3
15 14
19 8
16 17
7 1
11 10
8 9
20 1
20 3
12 17
11 12
11 2
7 13
12 13
2 18
15 2
11 8
6 13
5 11
4 7
18 3
15 14
19 8
16 17
7 1
11 10
8 9
20 1
20 4
12 17
11 12
11 2
7 13
12 13
2 18
15 2
11 8
6 13
5 11
4 7
18 3
15 14
19 8
16 17
7 1
11 10
8 9
20 1
20 5
12 17
11 12
11 2
7 13
12 13
2 18
15 2
11 8
6 13
5 11
4 7
18 3
15 14
19 8
16 17
7 1
11 10
8 9
20 1
20 1
18 7
3 11
20 9
17 6
3 18
6 2
16 11
15 1
10 8
5 8
4 5
14 11
14 4
19 16
12 1
17 20
13 20
2 8
15 18
20 2
18 7
3 11
20 9
17 6
3 18
6 2
16 11
15 1
10 8
5 8
4 5
14 11
14 4
19 16
12 1
17 20
13 20
2 8
15 18
20 3
18 7
3 11
20 9
17 6
3 18
6 2
16 11
15 1
10 8
5 8
4 5
14 11
14 4
19 16
12 1
17 20
13 20
2 8
15 18
20 4
18 7
3 11
20 9
17 6
3 18
6 2
16 11
15 1
10 8
5 8
4 5
14 11
14 4
19 16
12 1
17 20
13 20
2 8
15 18
20 5
18 7
3 11
20 9
17 6
3 18
6 2
16 11
15 1
10 8
5 8
4 5
14 11
14 4
19 16
12 1
17 20
13 20
2 8
15 18
20 1
14 17
6 19
1 7
3 14
10 6
11 18
5 4
2 3
7 14
20 16
5 20
11 6
13 14
6 1
8 12
16 14
20 8
2 15
7 9
20 2
14 17
6 19
1 7
3 14
10 6
11 18
5 4
2 3
7 14
20 16
5 20
11 6
13 14
6 1
8 12
16 14
20 8
2 15
7 9
20 3
14 17
6 19
1 7
3 14
10 6
11 18
5 4
2 3
7 14
20 16
5 20
11 6
13 14
6 1
8 12
16 14
20 8
2 15
7 9
20 4
14 17
6 19
1 7
3 14
10 6
11 18
5 4
2 3
7 14
20 16
5 20
11 6
13 14
6 1
8 12
16 14
20 8
2 15
7 9
20 5
14 17
6 19
1 7
3 14
10 6
11 18
5 4
2 3
7 14
20 16
5 20
11 6
13 14
6 1
8 12
16 14
20 8
2 15
7 9
20 1
8 2
15 7
17 8
5 3
12 3
4 9
11 7
1 4
16 10
14 11
20 9
13 16
16 7
13 1
17 9
11 12
18 11
19 6
6 9
20 2
8 2
15 7
17 8
5 3
12 3
4 9
11 7
1 4
16 10
14 11
20 9
13 16
16 7
13 1
17 9
11 12
18 11
19 6
6 9
20 3
8 2
15 7
17 8
5 3
12 3
4 9
11 7
1 4
16 10
14 11
20 9
13 16
16 7
13 1
17 9
11 12
18 11
19 6
6 9
20 4
8 2
15 7
17 8
5 3
12 3
4 9
11 7
1 4
16 10
14 11
20 9
13 16
16 7
13 1
17 9
11 12
18 11
19 6
6 9
20 5
8 2
15 7
17 8
5 3
12 3
4 9
11 7
1 4
16 10
14 11
20 9
13 16
16 7
13 1
17 9
11 12
18 11
19 6
6 9
20 1
8 1
11 19
13 2
12 10
5 15
20 5
1 3
18 4
8 6
10 19
11 13
1 20
19 20
3 17
7 16
14 16
15 7
18 1
20 9
20 2
8 1
11 19
13 2
12 10
5 15
20 5
1 3
18 4
8 6
10 19
11 13
1 20
19 20
3 17
7 16
14 16
15 7
18 1
20 9
20 3
8 1
11 19
13 2
12 10
5 15
20 5
1 3
18 4
8 6
10 19
11 13
1 20
19 20
3 17
7 16
14 16
15 7
18 1
20 9
20 4
8 1
11 19
13 2
12 10
5 15
20 5
1 3
18 4
8 6
10 19
11 13
1 20
19 20
3 17
7 16
14 16
15 7
18 1
20 9
20 5
8 1
11 19
13 2
12 10
5 15
20 5
1 3
18 4
8 6
10 19
11 13
1 20
19 20
3 17
7 16
14 16
15 7
18 1
20 9
20 1
3 5
10 1
13 4
1 17
17 15
20 3
20 10
14 7
7 15
6 16
13 1
6 14
19 12
2 8
19 13
20 8
18 7
14 9
11 2
20 2
3 5
10 1
13 4
1 17
17 15
20 3
20 10
14 7
7 15
6 16
13 1
6 14
19 12
2 8
19 13
20 8
18 7
14 9
11 2
20 3
3 5
10 1
13 4
1 17
17 15
20 3
20 10
14 7
7 15
6 16
13 1
6 14
19 12
2 8
19 13
20 8
18 7
14 9
11 2
20 4
3 5
10 1
13 4
1 17
17 15
20 3
20 10
14 7
7 15
6 16
13 1
6 14
19 12
2 8
19 13
20 8
18 7
14 9
11 2
20 5
3 5
10 1
13 4
1 17
17 15
20 3
20 10
14 7
7 15
6 16
13 1
6 14
19 12
2 8
19 13
20 8
18 7
14 9
11 2
20 1
16 13
4 3
19 7
14 1
1 8
2 8
3 7
10 2
19 17
9 4
11 8
14 19
20 4
6 7
8 5
15 11
8 12
3 16
18 13
20 2
16 13
4 3
19 7
14 1
1 8
2 8
3 7
10 2
19 17
9 4
11 8
14 19
20 4
6 7
8 5
15 11
8 12
3 16
18 13
20 3
16 13
4 3
19 7
14 1
1 8
2 8
3 7
10 2
19 17
9 4
11 8
14 19
20 4
6 7
8 5
15 11
8 12
3 16
18 13
20 4
16 13
4 3
19 7
14 1
1 8
2 8
3 7
10 2
19 17
9 4
11 8
14 19
20 4
6 7
8 5
15 11
8 12
3 16
18 13
20 5
16 13
4 3
19 7
14 1
1 8
2 8
3 7
10 2
19 17
9 4
11 8
14 19
20 4
6 7
8 5
15 11
8 12
3 16
18 13
20 1
17 16
10 13
1 16
14 6
12 3
6 8
4 15
14 9
11 13
16 10
7 16
19 18
6 1
5 8
2 7
20 19
14 12
4 10
2 18
20 2
17 16
10 13
1 16
14 6
12 3
6 8
4 15
14 9
11 13
16 10
7 16
19 18
6 1
5 8
2 7
20 19
14 12
4 10
2 18
20 3
17 16
10 13
1 16
14 6
12 3
6 8
4 15
14 9
11 13
16 10
7 16
19 18
6 1
5 8
2 7
20 19
14 12
4 10
2 18
20 4
17 16
10 13
1 16
14 6
12 3
6 8
4 15
14 9
11 13
16 10
7 16
19 18
6 1
5 8
2 7
20 19
14 12
4 10
2 18
20 5
17 16
10 13
1 16
14 6
12 3
6 8
4 15
14 9
11 13
16 10
7 16
19 18
6 1
5 8
2 7
20 19
14 12
4 10
2 18
20 1
9 17
15 3
17 10
16 19
10 1
16 13
3 9
5 10
10 2
17 19
6 12
5 14
6 2
15 18
7 20
11 5
6 4
19 7
17 8
20 2
9 17
15 3
17 10
16 19
10 1
16 13
3 9
5 10
10 2
17 19
6 12
5 14
6 2
15 18
7 20
11 5
6 4
19 7
17 8
20 3
9 17
15 3
17 10
16 19
10 1
16 13
3 9
5 10
10 2
17 19
6 12
5 14
6 2
15 18
7 20
11 5
6 4
19 7
17 8
20 4
9 17
15 3
17 10
16 19
10 1
16 13
3 9
5 10
10 2
17 19
6 12
5 14
6 2
15 18
7 20
11 5
6 4
19 7
17 8
20 5
9 17
15 3
17 10
16 19
10 1
16 13
3 9
5 10
10 2
17 19
6 12
5 14
6 2
15 18
7 20
11 5
6 4
19 7
17 8
20 1
13 5
20 6
6 8
1 6
17 1
16 8
3 12
7 19
14 13
2 13
19 6
13 15
13 6
20 3
4 17
18 7
7 11
8 9
10 2
20 2
13 5
20 6
6 8
1 6
17 1
16 8
3 12
7 19
14 13
2 13
19 6
13 15
13 6
20 3
4 17
18 7
7 11
8 9
10 2
20 3
13 5
20 6
6 8
1 6
17 1
16 8
3 12
7 19
14 13
2 13
19 6
13 15
13 6
20 3
4 17
18 7
7 11
8 9
10 2
20 4
13 5
20 6
6 8
1 6
17 1
16 8
3 12
7 19
14 13
2 13
19 6
13 15
13 6
20 3
4 17
18 7
7 11
8 9
10 2
20 5
13 5
20 6
6 8
1 6
17 1
16 8
3 12
7 19
14 13
2 13
19 6
13 15
13 6
20 3
4 17
18 7
7 11
8 9
10 2
20 1
15 18
20 5
11 1
13 20
6 8
11 13
17 16
5 17
9 7
9 5
1 10
12 1
19 16
14 16
19 8
2 11
6 18
17 4
3 5
20 2
15 18
20 5
11 1
13 20
6 8
11 13
17 16
5 17
9 7
9 5
1 10
12 1
19 16
14 16
19 8
2 11
6 18
17 4
3 5
20 3
15 18
20 5
11 1
13 20
6 8
11 13
17 16
5 17
9 7
9 5
1 10
12 1
19 16
14 16
19 8
2 11
6 18
17 4
3 5
20 4
15 18
20 5
11 1
13 20
6 8
11 13
17 16
5 17
9 7
9 5
1 10
12 1
19 16
14 16
19 8
2 11
6 18
17 4
3 5
20 5
15 18
20 5
11 1
13 20
6 8
11 13
17 16
5 17
9 7
9 5
1 10
12 1
19 16
14 16
19 8
2 11
6 18
17 4
3 5
20 1
8 4
8 16
17 8
7 2
3 14
9 15
10 2
7 18
17 13
10 16
9 2
3 7
1 5
3 19
16 11
9 20
6 8
12 3
12 1
20 2
8 4
8 16
17 8
7 2
3 14
9 15
10 2
7 18
17 13
10 16
9 2
3 7
1 5
3 19
16 11
9 20
6 8
12 3
12 1
20 3
8 4
8 16
17 8
7 2
3 14
9 15
10 2
7 18
17 13
10 16
9 2
3 7
1 5
3 19
16 11
9 20
6 8
12 3
12 1
20 4
8 4
8 16
17 8
7 2
3 14
9 15
10 2
7 18
17 13
10 16
9 2
3 7
1 5
3 19
16 11
9 20
6 8
12 3
12 1
20 5
8 4
8 16
17 8
7 2
3 14
9 15
10 2
7 18
17 13
10 16
9 2
3 7
1 5
3 19
16 11
9 20
6 8
12 3
12 1
20 1
7 12
6 14
9 14
5 8
15 17
15 20
17 18
20 11
16 6
15 4
7 14
15 14
3 6
2 8
2 16
10 19
6 10
9 13
1 18
20 2
7 12
6 14
9 14
5 8
15 17
15 20
17 18
20 11
16 6
15 4
7 14
15 14
3 6
2 8
2 16
10 19
6 10
9 13
1 18
20 3
7 12
6 14
9 14
5 8
15 17
15 20
17 18
20 11
16 6
15 4
7 14
15 14
3 6
2 8
2 16
10 19
6 10
9 13
1 18
20 4
7 12
6 14
9 14
5 8
15 17
15 20
17 18
20 11
16 6
15 4
7 14
15 14
3 6
2 8
2 16
10 19
6 10
9 13
1 18
20 5
7 12
6 14
9 14
5 8
15 17
15 20
17 18
20 11
16 6
15 4
7 14
15 14
3 6
2 8
2 16
10 19
6 10
9 13
1 18
20 1
2 1
7 6
1 10
7 2
12 19
12 7
13 14
15 6
2 8
8 3
9 3
5 8
20 16
12 16
9 17
16 4
14 2
11 12
18 12
20 2
2 1
7 6
1 10
7 2
12 19
12 7
13 14
15 6
2 8
8 3
9 3
5 8
20 16
12 16
9 17
16 4
14 2
11 12
18 12
20 3
2 1
7 6
1 10
7 2
12 19
12 7
13 14
15 6
2 8
8 3
9 3
5 8
20 16
12 16
9 17
16 4
14 2
11 12
18 12
20 4
2 1
7 6
1 10
7 2
12 19
12 7
13 14
15 6
2 8
8 3
9 3
5 8
20 16
12 16
9 17
16 4
14 2
11 12
18 12
20 5
2 1
7 6
1 10
7 2
12 19
12 7
13 14
15 6
2 8
8 3
9 3
5 8
20 16
12 16
9 17
16 4
14 2
11 12
18 12
20 1
19 9
20 2
8 12
12 9
17 10
14 2
2 11
13 3
7 12
9 15
18 17
20 3
5 20
18 5
1 19
20 4
18 8
17 6
18 16
20 2
19 9
20 2
8 12
12 9
17 10
14 2
2 11
13 3
7 12
9 15
18 17
20 3
5 20
18 5
1 19
20 4
18 8
17 6
18 16
20 3
19 9
20 2
8 12
12 9
17 10
14 2
2 11
13 3
7 12
9 15
18 17
20 3
5 20
18 5
1 19
20 4
18 8
17 6
18 16
20 4
19 9
20 2
8 12
12 9
17 10
14 2
2 11
13 3
7 12
9 15
18 17
20 3
5 20
18 5
1 19
20 4
18 8
17 6
18 16
20 5
19 9
20 2
8 12
12 9
17 10
14 2
2 11
13 3
7 12
9 15
18 17
20 3
5 20
18 5
1 19
20 4
18 8
17 6
18 16
20 1
10 15
8 7
16 11
4 11
17 16
10 20
2 10
8 11
5 11
11 3
15 1
15 11
12 17
1 13
5 9
18 1
6 1
15 14
13 19
20 2
10 15
8 7
16 11
4 11
17 16
10 20
2 10
8 11
5 11
11 3
15 1
15 11
12 17
1 13
5 9
18 1
6 1
15 14
13 19
20 3
10 15
8 7
16 11
4 11
17 16
10 20
2 10
8 11
5 11
11 3
15 1
15 11
12 17
1 13
5 9
18 1
6 1
15 14
13 19
20 4
10 15
8 7
16 11
4 11
17 16
10 20
2 10
8 11
5 11
11 3
15 1
15 11
12 17
1 13
5 9
18 1
6 1
15 14
13 19
20 5
10 15
8 7
16 11
4 11
17 16
10 20
2 10
8 11
5 11
11 3
15 1
15 11
12 17
1 13
5 9
18 1
6 1
15 14
13 19
20 1
6 11
13 1
4 12
15 12
12 1
4 3
5 15
1 2
5 10
4 14
16 5
9 13
18 15
9 8
19 11
18 19
7 18
6 17
20 7
20 2
6 11
13 1
4 12
15 12
12 1
4 3
5 15
1 2
5 10
4 14
16 5
9 13
18 15
9 8
19 11
18 19
7 18
6 17
20 7
20 3
6 11
13 1
4 12
15 12
12 1
4 3
5 15
1 2
5 10
4 14
16 5
9 13
18 15
9 8
19 11
18 19
7 18
6 17
20 7
20 4
6 11
13 1
4 12
15 12
12 1
4 3
5 15
1 2
5 10
4 14
16 5
9 13
18 15
9 8
19 11
18 19
7 18
6 17
20 7
20 5
6 11
13 1
4 12
15 12
12 1
4 3
5 15
1 2
5 10
4 14
16 5
9 13
18 15
9 8
19 11
18 19
7 18
6 17
20 7
20 1
1 16
4 13
3 1
6 9
18 7
5 13
10 20
11 4
1 7
17 16
7 13
15 6
13 10
9 7
2 12
19 5
18 8
2 5
19 14
20 2
1 16
4 13
3 1
6 9
18 7
5 13
10 20
11 4
1 7
17 16
7 13
15 6
13 10
9 7
2 12
19 5
18 8
2 5
19 14
20 3
1 16
4 13
3 1
6 9
18 7
5 13
10 20
11 4
1 7
17 16
7 13
15 6
13 10
9 7
2 12
19 5
18 8
2 5
19 14
20 4
1 16
4 13
3 1
6 9
18 7
5 13
10 20
11 4
1 7
17 16
7 13
15 6
13 10
9 7
2 12
19 5
18 8
2 5
19 14
20 5
1 16
4 13
3 1
6 9
18 7
5 13
10 20
11 4
1 7
17 16
7 13
15 6
13 10
9 7
2 12
19 5
18 8
2 5
19 14
20 1
3 6
20 5
15 6
20 7
15 12
4 3
6 5
4 10
3 1
18 8
4 14
19 12
8 15
13 2
10 16
9 4
17 7
5 13
11 15
20 2
3 6
20 5
15 6
20 7
15 12
4 3
6 5
4 10
3 1
18 8
4 14
19 12
8 15
13 2
10 16
9 4
17 7
5 13
11 15
20 3
3 6
20 5
15 6
20 7
15 12
4 3
6 5
4 10
3 1
18 8
4 14
19 12
8 15
13 2
10 16
9 4
17 7
5 13
11 15
20 4
3 6
20 5
15 6
20 7
15 12
4 3
6 5
4 10
3 1
18 8
4 14
19 12
8 15
13 2
10 16
9 4
17 7
5 13
11 15
20 5
3 6
20 5
15 6
20 7
15 12
4 3
6 5
4 10
3 1
18 8
4 14
19 12
8 15
13 2
10 16
9 4
17 7
5 13
11 15
20 1
15 8
2 15
17 9
12 1
18 20
16 12
2 5
10 14
18 15
7 6
2 19
17 13
4 12
11 4
15 17
9 1
6 19
18 14
3 20
20 2
15 8
2 15
17 9
12 1
18 20
16 12
2 5
10 14
18 15
7 6
2 19
17 13
4 12
11 4
15 17
9 1
6 19
18 14
3 20
20 3
15 8
2 15
17 9
12 1
18 20
16 12
2 5
10 14
18 15
7 6
2 19
17 13
4 12
11 4
15 17
9 1
6 19
18 14
3 20
20 4
15 8
2 15
17 9
12 1
18 20
16 12
2 5
10 14
18 15
7 6
2 19
17 13
4 12
11 4
15 17
9 1
6 19
18 14
3 20
20 5
15 8
2 15
17 9
12 1
18 20
16 12
2 5
10 14
18 15
7 6
2 19
17 13
4 12
11 4
15 17
9 1
6 19
18 14
3 20
20 1
11 13
5 8
13 6
12 8
3 20
2 20
14 16
7 16
13 12
17 15
1 4
4 13
11 3
4 10
10 9
1 7
19 17
17 3
18 9
20 2
11 13
5 8
13 6
12 8
3 20
2 20
14 16
7 16
13 12
17 15
1 4
4 13
11 3
4 10
10 9
1 7
19 17
17 3
18 9
20 3
11 13
5 8
13 6
12 8
3 20
2 20
14 16
7 16
13 12
17 15
1 4
4 13
11 3
4 10
10 9
1 7
19 17
17 3
18 9
20 4
11 13
5 8
13 6
12 8
3 20
2 20
14 16
7 16
13 12
17 15
1 4
4 13
11 3
4 10
10 9
1 7
19 17
17 3
18 9
20 5
11 13
5 8
13 6
12 8
3 20
2 20
14 16
7 16
13 12
17 15
1 4
4 13
11 3
4 10
10 9
1 7
19 17
17 3
18 9
20 1
18 9
10 4
17 7
3 6
20 11
7 15
19 14
17 10
8 3
20 2
2 4
12 10
16 20
2 1
17 14
18 20
13 3
5 8
20 5
20 2
18 9
10 4
17 7
3 6
20 11
7 15
19 14
17 10
8 3
20 2
2 4
12 10
16 20
2 1
17 14
18 20
13 3
5 8
20 5
20 3
18 9
10 4
17 7
3 6
20 11
7 15
19 14
17 10
8 3
20 2
2 4
12 10
16 20
2 1
17 14
18 20
13 3
5 8
20 5
20 4
18 9
10 4
17 7
3 6
20 11
7 15
19 14
17 10
8 3
20 2
2 4
12 10
16 20
2 1
17 14
18 20
13 3
5 8
20 5
20 5
18 9
10 4
17 7
3 6
20 11
7 15
19 14
17 10
8 3
20 2
2 4
12 10
16 20
2 1
17 14
18 20
13 3
5 8
20 5
20 1
3 20
17 8
7 1
13 9
14 8
16 13
19 20
20 15
6 15
7 13
13 14
11 18
12 14
12 4
2 8
18 20
16 15
10 3
5 2
20 2
3 20
17 8
7 1
13 9
14 8
16 13
19 20
20 15
6 15
7 13
13 14
11 18
12 14
12 4
2 8
18 20
16 15
10 3
5 2
20 3
3 20
17 8
7 1
13 9
14 8
16 13
19 20
20 15
6 15
7 13
13 14
11 18
12 14
12 4
2 8
18 20
16 15
10 3
5 2
20 4
3 20
17 8
7 1
13 9
14 8
16 13
19 20
20 15
6 15
7 13
13 14
11 18
12 14
12 4
2 8
18 20
16 15
10 3
5 2
20 5
3 20
17 8
7 1
13 9
14 8
16 13
19 20
20 15
6 15
7 13
13 14
11 18
12 14
12 4
2 8
18 20
16 15
10 3
5 2
20 1
7 10
12 9
3 11
15 2
10 9
11 9
2 17
16 3
5 12
5 15
3 1
7 20
2 13
16 8
4 7
6 20
14 19
19 8
6 18
20 2
7 10
12 9
3 11
15 2
10 9
11 9
2 17
16 3
5 12
5 15
3 1
7 20
2 13
16 8
4 7
6 20
14 19
19 8
6 18
20 3
7 10
12 9
3 11
15 2
10 9
11 9
2 17
16 3
5 12
5 15
3 1
7 20
2 13
16 8
4 7
6 20
14 19
19 8
6 18
20 4
7 10
12 9
3 11
15 2
10 9
11 9
2 17
16 3
5 12
5 15
3 1
7 20
2 13
16 8
4 7
6 20
14 19
19 8
6 18
20 5
7 10
12 9
3 11
15 2
10 9
11 9
2 17
16 3
5 12
5 15
3 1
7 20
2 13
16 8
4 7
6 20
14 19
19 8
6 18
20 1
4 9
14 8
3 8
20 13
17 1
16 5
19 5
10 20
13 15
10 9
8 13
11 9
1 4
6 11
8 16
18 8
7 15
12 1
2 11
20 2
4 9
14 8
3 8
20 13
17 1
16 5
19 5
10 20
13 15
10 9
8 13
11 9
1 4
6 11
8 16
18 8
7 15
12 1
2 11
20 3
4 9
14 8
3 8
20 13
17 1
16 5
19 5
10 20
13 15
10 9
8 13
11 9
1 4
6 11
8 16
18 8
7 15
12 1
2 11
20 4
4 9
14 8
3 8
20 13
17 1
16 5
19 5
10 20
13 15
10 9
8 13
11 9
1 4
6 11
8 16
18 8
7 15
12 1
2 11
20 5
4 9
14 8
3 8
20 13
17 1
16 5
19 5
10 20
13 15
10 9
8 13
11 9
1 4
6 11
8 16
18 8
7 15
12 1
2 11
20 1
2 14
17 9
2 17
3 8
13 18
12 20
16 9
11 14
13 17
20 19
9 3
5 7
7 17
12 3
11 4
2 1
17 10
16 15
6 11
20 2
2 14
17 9
2 17
3 8
13 18
12 20
16 9
11 14
13 17
20 19
9 3
5 7
7 17
12 3
11 4
2 1
17 10
16 15
6 11
20 3
2 14
17 9
2 17
3 8
13 18
12 20
16 9
11 14
13 17
20 19
9 3
5 7
7 17
12 3
11 4
2 1
17 10
16 15
6 11
20 4
2 14
17 9
2 17
3 8
13 18
12 20
16 9
11 14
13 17
20 19
9 3
5 7
7 17
12 3
11 4
2 1
17 10
16 15
6 11
20 5
2 14
17 9
2 17
3 8
13 18
12 20
16 9
11 14
13 17
20 19
9 3
5 7
7 17
12 3
11 4
2 1
17 10
16 15
6 11
20 1
7 12
3 17
6 20
7 8
9 4
14 13
7 9
2 6
9 18
17 20
5 9
10 2
7 20
14 6
17 1
15 4
11 4
14 16
19 20
20 2
7 12
3 17
6 20
7 8
9 4
14 13
7 9
2 6
9 18
17 20
5 9
10 2
7 20
14 6
17 1
15 4
11 4
14 16
19 20
20 3
7 12
3 17
6 20
7 8
9 4
14 13
7 9
2 6
9 18
17 20
5 9
10 2
7 20
14 6
17 1
15 4
11 4
14 16
19 20
20 4
7 12
3 17
6 20
7 8
9 4
14 13
7 9
2 6
9 18
17 20
5 9
10 2
7 20
14 6
17 1
15 4
11 4
14 16
19 20
20 5
7 12
3 17
6 20
7 8
9 4
14 13
7 9
2 6
9 18
17 20
5 9
10 2
7 20
14 6
17 1
15 4
11 4
14 16
19 20
20 1
4 20
14 19
15 19
20 9
4 8
15 16
8 14
6 16
13 8
5 7
12 11
16 12
13 2
18 5
15 7
12 3
17 18
4 1
10 7
20 2
4 20
14 19
15 19
20 9
4 8
15 16
8 14
6 16
13 8
5 7
12 11
16 12
13 2
18 5
15 7
12 3
17 18
4 1
10 7
20 3
4 20
14 19
15 19
20 9
4 8
15 16
8 14
6 16
13 8
5 7
12 11
16 12
13 2
18 5
15 7
12 3
17 18
4 1
10 7
20 4
4 20
14 19
15 19
20 9
4 8
15 16
8 14
6 16
13 8
5 7
12 11
16 12
13 2
18 5
15 7
12 3
17 18
4 1
10 7
20 5
4 20
14 19
15 19
20 9
4 8
15 16
8 14
6 16
13 8
5 7
12 11
16 12
13 2
18 5
15 7
12 3
17 18
4 1
10 7
20 1
13 12
13 6
10 13
10 9
18 12
4 11
9 20
4 8
12 5
15 8
19 7
1 3
7 2
15 16
15 5
7 12
1 4
15 17
14 10
20 2
13 12
13 6
10 13
10 9
18 12
4 11
9 20
4 8
12 5
15 8
19 7
1 3
7 2
15 16
15 5
7 12
1 4
15 17
14 10
20 3
13 12
13 6
10 13
10 9
18 12
4 11
9 20
4 8
12 5
15 8
19 7
1 3
7 2
15 16
15 5
7 12
1 4
15 17
14 10
20 4
13 12
13 6
10 13
10 9
18 12
4 11
9 20
4 8
12 5
15 8
19 7
1 3
7 2
15 16
15 5
7 12
1 4
15 17
14 10
20 5
13 12
13 6
10 13
10 9
18 12
4 11
9 20
4 8
12 5
15 8
19 7
1 3
7 2
15 16
15 5
7 12
1 4
15 17
14 10
20 1
18 1
5 12
12 14
12 9
1 7
17 18
2 7
3 13
18 10
5 10
3 1
6 18
4 14
4 16
15 6
16 11
8 5
5 20
6 19
20 2
18 1
5 12
12 14
12 9
1 7
17 18
2 7
3 13
18 10
5 10
3 1
6 18
4 14
4 16
15 6
16 11
8 5
5 20
6 19
20 3
18 1
5 12
12 14
12 9
1 7
17 18
2 7
3 13
18 10
5 10
3 1
6 18
4 14
4 16
15 6
16 11
8 5
5 20
6 19
20 4
18 1
5 12
12 14
12 9
1 7
17 18
2 7
3 13
18 10
5 10
3 1
6 18
4 14
4 16
15 6
16 11
8 5
5 20
6 19
20 5
18 1
5 12
12 14
12 9
1 7
17 18
2 7
3 13
18 10
5 10
3 1
6 18
4 14
4 16
15 6
16 11
8 5
5 20
6 19
20 1
6 14
4 15
3 17
1 17
15 2
7 6
11 4
1 11
16 10
14 5
1 13
14 19
12 19
16 19
9 2
8 9
10 20
18 20
4 10
20 2
6 14
4 15
3 17
1 17
15 2
7 6
11 4
1 11
16 10
14 5
1 13
14 19
12 19
16 19
9 2
8 9
10 20
18 20
4 10
20 3
6 14
4 15
3 17
1 17
15 2
7 6
11 4
1 11
16 10
14 5
1 13
14 19
12 19
16 19
9 2
8 9
10 20
18 20
4 10
20 4
6 14
4 15
3 17
1 17
15 2
7 6
11 4
1 11
16 10
14 5
1 13
14 19
12 19
16 19
9 2
8 9
10 20
18 20
4 10
20 5
6 14
4 15
3 17
1 17
15 2
7 6
11 4
1 11
16 10
14 5
1 13
14 19
12 19
16 19
9 2
8 9
10 20
18 20
4 10
20 1
14 3
4 7
1 13
11 17
7 18
9 4
1 10
6 15
1 20
11 18
10 16
3 16
16 5
15 12
18 19
10 8
14 19
13 12
9 2
20 2
14 3
4 7
1 13
11 17
7 18
9 4
1 10
6 15
1 20
11 18
10 16
3 16
16 5
15 12
18 19
10 8
14 19
13 12
9 2
20 3
14 3
4 7
1 13
11 17
7 18
9 4
1 10
6 15
1 20
11 18
10 16
3 16
16 5
15 12
18 19
10 8
14 19
13 12
9 2
20 4
14 3
4 7
1 13
11 17
7 18
9 4
1 10
6 15
1 20
11 18
10 16
3 16
16 5
15 12
18 19
10 8
14 19
13 12
9 2
20 5
14 3
4 7
1 13
11 17
7 18
9 4
1 10
6 15
1 20
11 18
10 16
3 16
16 5
15 12
18 19
10 8
14 19
13 12
9 2
20 1
20 9
8 16
17 8
12 11
19 11
8 3
20 10
15 1
5 2
9 14
11 16
2 20
9 1
10 11
4 9
7 2
18 1
6 8
13 5
20 2
20 9
8 16
17 8
12 11
19 11
8 3
20 10
15 1
5 2
9 14
11 16
2 20
9 1
10 11
4 9
7 2
18 1
6 8
13 5
20 3
20 9
8 16
17 8
12 11
19 11
8 3
20 10
15 1
5 2
9 14
11 16
2 20
9 1
10 11
4 9
7 2
18 1
6 8
13 5
20 4
20 9
8 16
17 8
12 11
19 11
8 3
20 10
15 1
5 2
9 14
11 16
2 20
9 1
10 11
4 9
7 2
18 1
6 8
13 5
20 5
20 9
8 16
17 8
12 11
19 11
8 3
20 10
15 1
5 2
9 14
11 16
2 20
9 1
10 11
4 9
7 2
18 1
6 8
13 5
20 1
6 12
12 10
1 9
16 9
17 4
17 6
9 4
8 2
4 13
9 14
11 4
15 8
5 6
1 19
8 6
7 4
20 1
20 3
18 3
20 2
6 12
12 10
1 9
16 9
17 4
17 6
9 4
8 2
4 13
9 14
11 4
15 8
5 6
1 19
8 6
7 4
20 1
20 3
18 3
20 3
6 12
12 10
1 9
16 9
17 4
17 6
9 4
8 2
4 13
9 14
11 4
15 8
5 6
1 19
8 6
7 4
20 1
20 3
18 3
20 4
6 12
12 10
1 9
16 9
17 4
17 6
9 4
8 2
4 13
9 14
11 4
15 8
5 6
1 19
8 6
7 4
20 1
20 3
18 3
20 5
6 12
12 10
1 9
16 9
17 4
17 6
9 4
8 2
4 13
9 14
11 4
15 8
5 6
1 19
8 6
7 4
20 1
20 3
18 3
20 1
13 20
18 15
19 1
4 19
5 14
9 8
5 8
20 4
20 6
18 7
10 15
14 7
10 4
5 16
20 17
3 8
2 14
1 12
13 11
20 2
13 20
18 15
19 1
4 19
5 14
9 8
5 8
20 4
20 6
18 7
10 15
14 7
10 4
5 16
20 17
3 8
2 14
1 12
13 11
20 3
13 20
18 15
19 1
4 19
5 14
9 8
5 8
20 4
20 6
18 7
10 15
14 7
10 4
5 16
20 17
3 8
2 14
1 12
13 11
20 4
13 20
18 15
19 1
4 19
5 14
9 8
5 8
20 4
20 6
18 7
10 15
14 7
10 4
5 16
20 17
3 8
2 14
1 12
13 11
20 5
13 20
18 15
19 1
4 19
5 14
9 8
5 8
20 4
20 6
18 7
10 15
14 7
10 4
5 16
20 17
3 8
2 14
1 12
13 11
20 1
18 19
2 5
13 18
17 4
18 4
16 20
17 1
9 11
19 9
6 9
10 8
9 15
17 2
7 17
16 11
6 8
2 12
3 19
18 14
20 2
18 19
2 5
13 18
17 4
18 4
16 20
17 1
9 11
19 9
6 9
10 8
9 15
17 2
7 17
16 11
6 8
2 12
3 19
18 14
20 3
18 19
2 5
13 18
17 4
18 4
16 20
17 1
9 11
19 9
6 9
10 8
9 15
17 2
7 17
16 11
6 8
2 12
3 19
18 14
20 4
18 19
2 5
13 18
17 4
18 4
16 20
17 1
9 11
19 9
6 9
10 8
9 15
17 2
7 17
16 11
6 8
2 12
3 19
18 14
20 5
18 19
2 5
13 18
17 4
18 4
16 20
17 1
9 11
19 9
6 9
10 8
9 15
17 2
7 17
16 11
6 8
2 12
3 19
18 14
20 1
11 9
2 6
12 1
3 6
9 1
16 6
5 9
13 3
10 11
18 5
7 18
13 19
16 18
17 15
3 4
8 10
1 15
20 2
14 3
20 2
11 9
2 6
12 1
3 6
9 1
16 6
5 9
13 3
10 11
18 5
7 18
13 19
16 18
17 15
3 4
8 10
1 15
20 2
14 3
20 3
11 9
2 6
12 1
3 6
9 1
16 6
5 9
13 3
10 11
18 5
7 18
13 19
16 18
17 15
3 4
8 10
1 15
20 2
14 3
20 4
11 9
2 6
12 1
3 6
9 1
16 6
5 9
13 3
10 11
18 5
7 18
13 19
16 18
17 15
3 4
8 10
1 15
20 2
14 3
20 5
11 9
2 6
12 1
3 6
9 1
16 6
5 9
13 3
10 11
18 5
7 18
13 19
16 18
17 15
3 4
8 10
1 15
20 2
14 3
20 1
17 8
11 17
3 5
10 1
2 7
17 18
17 19
14 20
13 3
5 11
1 16
6 18
18 1
2 16
15 18
6 12
8 20
4 15
9 1
20 2
17 8
11 17
3 5
10 1
2 7
17 18
17 19
14 20
13 3
5 11
1 16
6 18
18 1
2 16
15 18
6 12
8 20
4 15
9 1
20 3
17 8
11 17
3 5
10 1
2 7
17 18
17 19
14 20
13 3
5 11
1 16
6 18
18 1
2 16
15 18
6 12
8 20
4 15
9 1
20 4
17 8
11 17
3 5
10 1
2 7
17 18
17 19
14 20
13 3
5 11
1 16
6 18
18 1
2 16
15 18
6 12
8 20
4 15
9 1
20 5
17 8
11 17
3 5
10 1
2 7
17 18
17 19
14 20
13 3
5 11
1 16
6 18
18 1
2 16
15 18
6 12
8 20
4 15
9 1
20 1
14 5
12 6
6 2
6 10
20 11
17 20
6 7
6 19
9 11
2 11
18 17
14 2
15 19
13 10
8 2
4 9
3 6
12 16
11 1
20 2
14 5
12 6
6 2
6 10
20 11
17 20
6 7
6 19
9 11
2 11
18 17
14 2
15 19
13 10
8 2
4 9
3 6
12 16
11 1
20 3
14 5
12 6
6 2
6 10
20 11
17 20
6 7
6 19
9 11
2 11
18 17
14 2
15 19
13 10
8 2
4 9
3 6
12 16
11 1
20 4
14 5
12 6
6 2
6 10
20 11
17 20
6 7
6 19
9 11
2 11
18 17
14 2
15 19
13 10
8 2
4 9
3 6
12 16
11 1
20 5
14 5
12 6
6 2
6 10
20 11
17 20
6 7
6 19
9 11
2 11
18 17
14 2
15 19
13 10
8 2
4 9
3 6
12 16
11 1
20 1
9 5
11 12
12 19
8 11
6 16
7 12
2 13
1 11
20 10
18 13
10 7
11 13
9 11
13 14
16 14
20 4
14 15
12 3
17 18
20 2
9 5
11 12
12 19
8 11
6 16
7 12
2 13
1 11
20 10
18 13
10 7
11 13
9 11
13 14
16 14
20 4
14 15
12 3
17 18
20 3
9 5
11 12
12 19
8 11
6 16
7 12
2 13
1 11
20 10
18 13
10 7
11 13
9 11
13 14
16 14
20 4
14 15
12 3
17 18
20 4
9 5
11 12
12 19
8 11
6 16
7 12
2 13
1 11
20 10
18 13
10 7
11 13
9 11
13 14
16 14
20 4
14 15
12 3
17 18
20 5
9 5
11 12
12 19
8 11
6 16
7 12
2 13
1 11
20 10
18 13
10 7
11 13
9 11
13 14
16 14
20 4
14 15
12 3
17 18
20 1
12 8
19 6
11 15
17 1
15 1
15 12
6 2
9 4
18 7
13 17
15 7
12 5
10 19
13 19
15 4
19 20
3 5
16 7
19 14
20 2
12 8
19 6
11 15
17 1
15 1
15 12
6 2
9 4
18 7
13 17
15 7
12 5
10 19
13 19
15 4
19 20
3 5
16 7
19 14
20 3
12 8
19 6
11 15
17 1
15 1
15 12
6 2
9 4
18 7
13 17
15 7
12 5
10 19
13 19
15 4
19 20
3 5
16 7
19 14
20 4
12 8
19 6
11 15
17 1
15 1
15 12
6 2
9 4
18 7
13 17
15 7
12 5
10 19
13 19
15 4
19 20
3 5
16 7
19 14
20 5
12 8
19 6
11 15
17 1
15 1
15 12
6 2
9 4
18 7
13 17
15 7
12 5
10 19
13 19
15 4
19 20
3 5
16 7
19 14
20 1
8 15
15 12
1 17
3 2
15 4
4 16
19 15
7 19
13 7
12 20
15 14
16 3
10 16
5 14
16 18
19 17
4 9
11 3
6 3
20 2
8 15
15 12
1 17
3 2
15 4
4 16
19 15
7 19
13 7
12 20
15 14
16 3
10 16
5 14
16 18
19 17
4 9
11 3
6 3
20 3
8 15
15 12
1 17
3 2
15 4
4 16
19 15
7 19
13 7
12 20
15 14
16 3
10 16
5 14
16 18
19 17
4 9
11 3
6 3
20 4
8 15
15 12
1 17
3 2
15 4
4 16
19 15
7 19
13 7
12 20
15 14
16 3
10 16
5 14
16 18
19 17
4 9
11 3
6 3
20 5
8 15
15 12
1 17
3 2
15 4
4 16
19 15
7 19
13 7
12 20
15 14
16 3
10 16
5 14
16 18
19 17
4 9
11 3
6 3
20 1
2 4
12 8
6 9
15 8
7 16
11 18
20 3
1 17
8 19
10 6
18 12
14 2
9 17
13 20
10 16
3 6
12 5
10 14
5 9
20 2
2 4
12 8
6 9
15 8
7 16
11 18
20 3
1 17
8 19
10 6
18 12
14 2
9 17
13 20
10 16
3 6
12 5
10 14
5 9
20 3
2 4
12 8
6 9
15 8
7 16
11 18
20 3
1 17
8 19
10 6
18 12
14 2
9 17
13 20
10 16
3 6
12 5
10 14
5 9
20 4
2 4
12 8
6 9
15 8
7 16
11 18
20 3
1 17
8 19
10 6
18 12
14 2
9 17
13 20
10 16
3 6
12 5
10 14
5 9
20 5
2 4
12 8
6 9
15 8
7 16
11 18
20 3
1 17
8 19
10 6
18 12
14 2
9 17
13 20
10 16
3 6
12 5
10 14
5 9
20 1
3 18
10 15
18 4
3 8
8 12
7 19
14 7
8 2
7 5
13 5
16 13
9 14
16 1
14 6
1 18
16 20
15 3
18 17
5 11
20 2
3 18
10 15
18 4
3 8
8 12
7 19
14 7
8 2
7 5
13 5
16 13
9 14
16 1
14 6
1 18
16 20
15 3
18 17
5 11
20 3
3 18
10 15
18 4
3 8
8 12
7 19
14 7
8 2
7 5
13 5
16 13
9 14
16 1
14 6
1 18
16 20
15 3
18 17
5 11
20 4
3 18
10 15
18 4
3 8
8 12
7 19
14 7
8 2
7 5
13 5
16 13
9 14
16 1
14 6
1 18
16 20
15 3
18 17
5 11
20 5
3 18
10 15
18 4
3 8
8 12
7 19
14 7
8 2
7 5
13 5
16 13
9 14
16 1
14 6
1 18
16 20
15 3
18 17
5 11
20 1
12 6
3 20
10 16
6 8
9 12
9 2
12 17
11 4
1 14
17 10
16 4
4 14
16 7
2 19
18 11
20 17
8 13
9 15
5 20
20 2
12 6
3 20
10 16
6 8
9 12
9 2
12 17
11 4
1 14
17 10
16 4
4 14
16 7
2 19
18 11
20 17
8 13
9 15
5 20
20 3
12 6
3 20
10 16
6 8
9 12
9 2
12 17
11 4
1 14
17 10
16 4
4 14
16 7
2 19
18 11
20 17
8 13
9 15
5 20
20 4
12 6
3 20
10 16
6 8
9 12
9 2
12 17
11 4
1 14
17 10
16 4
4 14
16 7
2 19
18 11
20 17
8 13
9 15
5 20
20 5
12 6
3 20
10 16
6 8
9 12
9 2
12 17
11 4
1 14
17 10
16 4
4 14
16 7
2 19
18 11
20 17
8 13
9 15
5 20
20 1
10 11
16 15
13 16
12 5
9 13
4 13
20 8
14 16
1 4
10 17
2 13
19 9
9 20
5 3
9 18
9 5
4 11
1 7
6 16
20 2
10 11
16 15
13 16
12 5
9 13
4 13
20 8
14 16
1 4
10 17
2 13
19 9
9 20
5 3
9 18
9 5
4 11
1 7
6 16
20 3
10 11
16 15
13 16
12 5
9 13
4 13
20 8
14 16
1 4
10 17
2 13
19 9
9 20
5 3
9 18
9 5
4 11
1 7
6 16
20 4
10 11
16 15
13 16
12 5
9 13
4 13
20 8
14 16
1 4
10 17
2 13
19 9
9 20
5 3
9 18
9 5
4 11
1 7
6 16
20 5
10 11
16 15
13 16
12 5
9 13
4 13
20 8
14 16
1 4
10 17
2 13
19 9
9 20
5 3
9 18
9 5
4 11
1 7
6 16
20 1
17 15
2 4
12 10
2 19
1 12
20 15
20 19
14 19
5 2
8 16
3 1
8 3
5 16
11 6
1 7
2 11
14 18
8 13
9 15
20 2
17 15
2 4
12 10
2 19
1 12
20 15
20 19
14 19
5 2
8 16
3 1
8 3
5 16
11 6
1 7
2 11
14 18
8 13
9 15
20 3
17 15
2 4
12 10
2 19
1 12
20 15
20 19
14 19
5 2
8 16
3 1
8 3
5 16
11 6
1 7
2 11
14 18
8 13
9 15
20 4
17 15
2 4
12 10
2 19
1 12
20 15
20 19
14 19
5 2
8 16
3 1
8 3
5 16
11 6
1 7
2 11
14 18
8 13
9 15
20 5
17 15
2 4
12 10
2 19
1 12
20 15
20 19
14 19
5 2
8 16
3 1
8 3
5 16
11 6
1 7
2 11
14 18
8 13
9 15
20 1
18 13
4 14
18 19
20 12
17 13
10 11
8 17
9 3
5 14
15 11
6 7
15 8
1 19
7 19
13 12
19 5
16 11
2 8
3 6
20 2
18 13
4 14
18 19
20 12
17 13
10 11
8 17
9 3
5 14
15 11
6 7
15 8
1 19
7 19
13 12
19 5
16 11
2 8
3 6
20 3
18 13
4 14
18 19
20 12
17 13
10 11
8 17
9 3
5 14
15 11
6 7
15 8
1 19
7 19
13 12
19 5
16 11
2 8
3 6
20 4
18 13
4 14
18 19
20 12
17 13
10 11
8 17
9 3
5 14
15 11
6 7
15 8
1 19
7 19
13 12
19 5
16 11
2 8
3 6
20 5
18 13
4 14
18 19
20 12
17 13
10 11
8 17
9 3
5 14
15 11
6 7
15 8
1 19
7 19
13 12
19 5
16 11
2 8
3 6
20 1
1 6
13 15
1 14
5 9
5 6
20 9
15 6
20 18
11 16
2 3
11 1
13 2
6 4
17 12
7 9
17 5
1 8
10 2
19 6
20 2
1 6
13 15
1 14
5 9
5 6
20 9
15 6
20 18
11 16
2 3
11 1
13 2
6 4
17 12
7 9
17 5
1 8
10 2
19 6
20 3
1 6
13 15
1 14
5 9
5 6
20 9
15 6
20 18
11 16
2 3
11 1
13 2
6 4
17 12
7 9
17 5
1 8
10 2
19 6
20 4
1 6
13 15
1 14
5 9
5 6
20 9
15 6
20 18
11 16
2 3
11 1
13 2
6 4
17 12
7 9
17 5
1 8
10 2
19 6
20 5
1 6
13 15
1 14
5 9
5 6
20 9
15 6
20 18
11 16
2 3
11 1
13 2
6 4
17 12
7 9
17 5
1 8
10 2
19 6
20 1
10 20
11 10
19 12
15 11
18 7
19 3
20 13
19 16
5 19
12 20
11 18
13 9
14 8
11 1
3 14
2 11
5 6
19 4
17 3
20 2
10 20
11 10
19 12
15 11
18 7
19 3
20 13
19 16
5 19
12 20
11 18
13 9
14 8
11 1
3 14
2 11
5 6
19 4
17 3
20 3
10 20
11 10
19 12
15 11
18 7
19 3
20 13
19 16
5 19
12 20
11 18
13 9
14 8
11 1
3 14
2 11
5 6
19 4
17 3
20 4
10 20
11 10
19 12
15 11
18 7
19 3
20 13
19 16
5 19
12 20
11 18
13 9
14 8
11 1
3 14
2 11
5 6
19 4
17 3
20 5
10 20
11 10
19 12
15 11
18 7
19 3
20 13
19 16
5 19
12 20
11 18
13 9
14 8
11 1
3 14
2 11
5 6
19 4
17 3
20 1
3 20
10 16
19 2
17 6
14 19
5 17
5 7
14 17
4 17
9 20
1 6
9 1
18 5
10 14
12 5
10 15
13 8
7 8
20 11
20 2
3 20
10 16
19 2
17 6
14 19
5 17
5 7
14 17
4 17
9 20
1 6
9 1
18 5
10 14
12 5
10 15
13 8
7 8
20 11
20 3
3 20
10 16
19 2
17 6
14 19
5 17
5 7
14 17
4 17
9 20
1 6
9 1
18 5
10 14
12 5
10 15
13 8
7 8
20 11
20 4
3 20
10 16
19 2
17 6
14 19
5 17
5 7
14 17
4 17
9 20
1 6
9 1
18 5
10 14
12 5
10 15
13 8
7 8
20 11
20 5
3 20
10 16
19 2
17 6
14 19
5 17
5 7
14 17
4 17
9 20
1 6
9 1
18 5
10 14
12 5
10 15
13 8
7 8
20 11
20 1
18 3
18 20
4 6
18 19
8 5
8 1
6 13
11 9
9 12
7 18
15 6
2 7
10 15
11 13
14 8
17 7
16 9
3 10
5 7
20 2
18 3
18 20
4 6
18 19
8 5
8 1
6 13
11 9
9 12
7 18
15 6
2 7
10 15
11 13
14 8
17 7
16 9
3 10
5 7
20 3
18 3
18 20
4 6
18 19
8 5
8 1
6 13
11 9
9 12
7 18
15 6
2 7
10 15
11 13
14 8
17 7
16 9
3 10
5 7
20 4
18 3
18 20
4 6
18 19
8 5
8 1
6 13
11 9
9 12
7 18
15 6
2 7
10 15
11 13
14 8
17 7
16 9
3 10
5 7
20 5
18 3
18 20
4 6
18 19
8 5
8 1
6 13
11 9
9 12
7 18
15 6
2 7
10 15
11 13
14 8
17 7
16 9
3 10
5 7
20 1
1 3
1 16
14 9
8 11
8 7
8 12
2 8
1 13
18 1
19 8
20 19
9 20
14 16
10 6
2 17
4 18
8 5
5 15
18 10
20 2
1 3
1 16
14 9
8 11
8 7
8 12
2 8
1 13
18 1
19 8
20 19
9 20
14 16
10 6
2 17
4 18
8 5
5 15
18 10
20 3
1 3
1 16
14 9
8 11
8 7
8 12
2 8
1 13
18 1
19 8
20 19
9 20
14 16
10 6
2 17
4 18
8 5
5 15
18 10
20 4
1 3
1 16
14 9
8 11
8 7
8 12
2 8
1 13
18 1
19 8
20 19
9 20
14 16
10 6
2 17
4 18
8 5
5 15
18 10
20 5
1 3
1 16
14 9
8 11
8 7
8 12
2 8
1 13
18 1
19 8
20 19
9 20
14 16
10 6
2 17
4 18
8 5
5 15
18 10
20 1
17 14
15 20
20 14
3 14
13 7
9 18
17 5
3 8
14 4
18 20
15 19
12 19
4 7
2 1
7 2
6 5
15 10
3 16
11 10
20 2
17 14
15 20
20 14
3 14
13 7
9 18
17 5
3 8
14 4
18 20
15 19
12 19
4 7
2 1
7 2
6 5
15 10
3 16
11 10
20 3
17 14
15 20
20 14
3 14
13 7
9 18
17 5
3 8
14 4
18 20
15 19
12 19
4 7
2 1
7 2
6 5
15 10
3 16
11 10
20 4
17 14
15 20
20 14
3 14
13 7
9 18
17 5
3 8
14 4
18 20
15 19
12 19
4 7
2 1
7 2
6 5
15 10
3 16
11 10
20 5
17 14
15 20
20 14
3 14
13 7
9 18
17 5
3 8
14 4
18 20
15 19
12 19
4 7
2 1
7 2
6 5
15 10
3 16
11 10
20 1
19 17
5 7
12 3
17 7
9 3
19 1
6 5
10 16
4 16
10 3
10 2
20 1
17 13
8 15
14 6
2 19
8 10
19 11
18 13
20 2
19 17
5 7
12 3
17 7
9 3
19 1
6 5
10 16
4 16
10 3
10 2
20 1
17 13
8 15
14 6
2 19
8 10
19 11
18 13
20 3
19 17
5 7
12 3
17 7
9 3
19 1
6 5
10 16
4 16
10 3
10 2
20 1
17 13
8 15
14 6
2 19
8 10
19 11
18 13
20 4
19 17
5 7
12 3
17 7
9 3
19 1
6 5
10 16
4 16
10 3
10 2
20 1
17 13
8 15
14 6
2 19
8 10
19 11
18 13
20 5
19 17
5 7
12 3
17 7
9 3
19 1
6 5
10 16
4 16
10 3
10 2
20 1
17 13
8 15
14 6
2 19
8 10
19 11
18 13
20 1
1 5
7 16
6 8
17 3
4 20
16 20
4 6
2 16
10 7
12 8
15 4
2 19
1 9
8 11
1 15
8 3
14 7
18 16
13 15
20 2
1 5
7 16
6 8
17 3
4 20
16 20
4 6
2 16
10 7
12 8
15 4
2 19
1 9
8 11
1 15
8 3
14 7
18 16
13 15
20 3
1 5
7 16
6 8
17 3
4 20
16 20
4 6
2 16
10 7
12 8
15 4
2 19
1 9
8 11
1 15
8 3
14 7
18 16
13 15
20 4
1 5
7 16
6 8
17 3
4 20
16 20
4 6
2 16
10 7
12 8
15 4
2 19
1 9
8 11
1 15
8 3
14 7
18 16
13 15
20 5
1 5
7 16
6 8
17 3
4 20
16 20
4 6
2 16
10 7
12 8
15 4
2 19
1 9
8 11
1 15
8 3
14 7
18 16
13 15
20 1
1 19
4 14
10 9
9 14
10 15
1 16
17 12
12 1
4 8
1 9
19 3
1 18
11 14
13 19
2 17
5 19
5 6
2 20
7 19
20 2
1 19
4 14
10 9
9 14
10 15
1 16
17 12
12 1
4 8
1 9
19 3
1 18
11 14
13 19
2 17
5 19
5 6
2 20
7 19
20 3
1 19
4 14
10 9
9 14
10 15
1 16
17 12
12 1
4 8
1 9
19 3
1 18
11 14
13 19
2 17
5 19
5 6
2 20
7 19
20 4
1 19
4 14
10 9
9 14
10 15
1 16
17 12
12 1
4 8
1 9
19 3
1 18
11 14
13 19
2 17
5 19
5 6
2 20
7 19
20 5
1 19
4 14
10 9
9 14
10 15
1 16
17 12
12 1
4 8
1 9
19 3
1 18
11 14
13 19
2 17
5 19
5 6
2 20
7 19
20 1
14 20
9 8
18 3
14 3
4 11
11 10
20 12
2 4
17 7
13 19
9 5
4 20
15 9
16 11
5 16
11 1
17 18
8 6
9 19
20 2
14 20
9 8
18 3
14 3
4 11
11 10
20 12
2 4
17 7
13 19
9 5
4 20
15 9
16 11
5 16
11 1
17 18
8 6
9 19
20 3
14 20
9 8
18 3
14 3
4 11
11 10
20 12
2 4
17 7
13 19
9 5
4 20
15 9
16 11
5 16
11 1
17 18
8 6
9 19
20 4
14 20
9 8
18 3
14 3
4 11
11 10
20 12
2 4
17 7
13 19
9 5
4 20
15 9
16 11
5 16
11 1
17 18
8 6
9 19
20 5
14 20
9 8
18 3
14 3
4 11
11 10
20 12
2 4
17 7
13 19
9 5
4 20
15 9
16 11
5 16
11 1
17 18
8 6
9 19
20 1
8 20
9 8
4 6
17 1
8 5
13 5
3 16
6 11
14 9
15 16
3 7
6 13
16 18
17 6
4 15
10 16
20 19
7 2
2 12
20 2
8 20
9 8
4 6
17 1
8 5
13 5
3 16
6 11
14 9
15 16
3 7
6 13
16 18
17 6
4 15
10 16
20 19
7 2
2 12
20 3
8 20
9 8
4 6
17 1
8 5
13 5
3 16
6 11
14 9
15 16
3 7
6 13
16 18
17 6
4 15
10 16
20 19
7 2
2 12
20 4
8 20
9 8
4 6
17 1
8 5
13 5
3 16
6 11
14 9
15 16
3 7
6 13
16 18
17 6
4 15
10 16
20 19
7 2
2 12
20 5
8 20
9 8
4 6
17 1
8 5
13 5
3 16
6 11
14 9
15 16
3 7
6 13
16 18
17 6
4 15
10 16
20 19
7 2
2 12
20 1
4 14
3 2
17 20
8 13
14 19
5 20
3 19
17 8
18 11
19 16
2 9
7 19
5 14
13 6
18 15
7 1
10 1
9 15
12 7
20 2
4 14
3 2
17 20
8 13
14 19
5 20
3 19
17 8
18 11
19 16
2 9
7 19
5 14
13 6
18 15
7 1
10 1
9 15
12 7
20 3
4 14
3 2
17 20
8 13
14 19
5 20
3 19
17 8
18 11
19 16
2 9
7 19
5 14
13 6
18 15
7 1
10 1
9 15
12 7
20 4
4 14
3 2
17 20
8 13
14 19
5 20
3 19
17 8
18 11
19 16
2 9
7 19
5 14
13 6
18 15
7 1
10 1
9 15
12 7
20 5
4 14
3 2
17 20
8 13
14 19
5 20
3 19
17 8
18 11
19 16
2 9
7 19
5 14
13 6
18 15
7 1
10 1
9 15
12 7
20 1
19 15
16 15
11 3
11 18
6 17
14 9
17 18
11 8
2 9
1 17
13 18
9 11
11 20
17 12
3 16
5 8
19 7
10 20
4 7
20 2
19 15
16 15
11 3
11 18
6 17
14 9
17 18
11 8
2 9
1 17
13 18
9 11
11 20
17 12
3 16
5 8
19 7
10 20
4 7
20 3
19 15
16 15
11 3
11 18
6 17
14 9
17 18
11 8
2 9
1 17
13 18
9 11
11 20
17 12
3 16
5 8
19 7
10 20
4 7
20 4
19 15
16 15
11 3
11 18
6 17
14 9
17 18
11 8
2 9
1 17
13 18
9 11
11 20
17 12
3 16
5 8
19 7
10 20
4 7
20 5
19 15
16 15
11 3
11 18
6 17
14 9
17 18
11 8
2 9
1 17
13 18
9 11
11 20
17 12
3 16
5 8
19 7
10 20
4 7
20 1
10 4
1 3
7 8
13 17
8 9
17 8
11 7
9 20
2 19
15 9
3 18
15 12
16 14
1 19
2 6
1 9
7 10
5 2
10 14
20 2
10 4
1 3
7 8
13 17
8 9
17 8
11 7
9 20
2 19
15 9
3 18
15 12
16 14
1 19
2 6
1 9
7 10
5 2
10 14
20 3
10 4
1 3
7 8
13 17
8 9
17 8
11 7
9 20
2 19
15 9
3 18
15 12
16 14
1 19
2 6
1 9
7 10
5 2
10 14
20 4
10 4
1 3
7 8
13 17
8 9
17 8
11 7
9 20
2 19
15 9
3 18
15 12
16 14
1 19
2 6
1 9
7 10
5 2
10 14
20 5
10 4
1 3
7 8
13 17
8 9
17 8
11 7
9 20
2 19
15 9
3 18
15 12
16 14
1 19
2 6
1 9
7 10
5 2
10 14
20 1
2 9
1 8
8 12
2 12
5 4
10 8
13 12
8 6
8 7
12 20
13 5
16 4
8 17
14 5
19 3
18 11
7 11
9 15
3 4
20 2
2 9
1 8
8 12
2 12
5 4
10 8
13 12
8 6
8 7
12 20
13 5
16 4
8 17
14 5
19 3
18 11
7 11
9 15
3 4
20 3
2 9
1 8
8 12
2 12
5 4
10 8
13 12
8 6
8 7
12 20
13 5
16 4
8 17
14 5
19 3
18 11
7 11
9 15
3 4
20 4
2 9
1 8
8 12
2 12
5 4
10 8
13 12
8 6
8 7
12 20
13 5
16 4
8 17
14 5
19 3
18 11
7 11
9 15
3 4
20 5
2 9
1 8
8 12
2 12
5 4
10 8
13 12
8 6
8 7
12 20
13 5
16 4
8 17
14 5
19 3
18 11
7 11
9 15
3 4
20 1
3 10
19 13
14 3
2 1
11 15
12 4
4 13
15 13
1 9
18 8
11 2
8 2
17 16
10 17
20 13
16 7
14 1
2 6
20 5
20 2
3 10
19 13
14 3
2 1
11 15
12 4
4 13
15 13
1 9
18 8
11 2
8 2
17 16
10 17
20 13
16 7
14 1
2 6
20 5
20 3
3 10
19 13
14 3
2 1
11 15
12 4
4 13
15 13
1 9
18 8
11 2
8 2
17 16
10 17
20 13
16 7
14 1
2 6
20 5
20 4
3 10
19 13
14 3
2 1
11 15
12 4
4 13
15 13
1 9
18 8
11 2
8 2
17 16
10 17
20 13
16 7
14 1
2 6
20 5
20 5
3 10
19 13
14 3
2 1
11 15
12 4
4 13
15 13
1 9
18 8
11 2
8 2
17 16
10 17
20 13
16 7
14 1
2 6
20 5
20 1
14 20
12 14
19 18
15 4
14 19
3 18
18 16
3 5
16 9
15 6
17 9
10 14
10 7
20 11
20 15
5 13
1 12
2 4
8 17
20 2
14 20
12 14
19 18
15 4
14 19
3 18
18 16
3 5
16 9
15 6
17 9
10 14
10 7
20 11
20 15
5 13
1 12
2 4
8 17
20 3
14 20
12 14
19 18
15 4
14 19
3 18
18 16
3 5
16 9
15 6
17 9
10 14
10 7
20 11
20 15
5 13
1 12
2 4
8 17
20 4
14 20
12 14
19 18
15 4
14 19
3 18
18 16
3 5
16 9
15 6
17 9
10 14
10 7
20 11
20 15
5 13
1 12
2 4
8 17
20 5
14 20
12 14
19 18
15 4
14 19
3 18
18 16
3 5
16 9
15 6
17 9
10 14
10 7
20 11
20 15
5 13
1 12
2 4
8 17
20 1
13 10
19 10
10 6
10 3
18 17
3 14
10 18
4 18
4 1
5 17
8 12
10 7
13 12
12 11
16 19
9 3
6 15
20 12
2 4
20 2
13 10
19 10
10 6
10 3
18 17
3 14
10 18
4 18
4 1
5 17
8 12
10 7
13 12
12 11
16 19
9 3
6 15
20 12
2 4
20 3
13 10
19 10
10 6
10 3
18 17
3 14
10 18
4 18
4 1
5 17
8 12
10 7
13 12
12 11
16 19
9 3
6 15
20 12
2 4
20 4
13 10
19 10
10 6
10 3
18 17
3 14
10 18
4 18
4 1
5 17
8 12
10 7
13 12
12 11
16 19
9 3
6 15
20 12
2 4
20 5
13 10
19 10
10 6
10 3
18 17
3 14
10 18
4 18
4 1
5 17
8 12
10 7
13 12
12 11
16 19
9 3
6 15
20 12
2 4
20 1
12 20
1 12
4 18
2 11
20 7
1 15
8 16
13 20
2 20
3 14
20 14
19 1
16 4
10 20
5 20
9 6
20 4
11 6
16 17
20 2
12 20
1 12
4 18
2 11
20 7
1 15
8 16
13 20
2 20
3 14
20 14
19 1
16 4
10 20
5 20
9 6
20 4
11 6
16 17
20 3
12 20
1 12
4 18
2 11
20 7
1 15
8 16
13 20
2 20
3 14
20 14
19 1
16 4
10 20
5 20
9 6
20 4
11 6
16 17
20 4
12 20
1 12
4 18
2 11
20 7
1 15
8 16
13 20
2 20
3 14
20 14
19 1
16 4
10 20
5 20
9 6
20 4
11 6
16 17
20 5
12 20
1 12
4 18
2 11
20 7
1 15
8 16
13 20
2 20
3 14
20 14
19 1
16 4
10 20
5 20
9 6
20 4
11 6
16 17
20 1
7 20
1 8
6 18
3 16
19 8
13 8
13 3
18 7
6 4
3 5
2 13
16 11
3 20
20 12
18 10
17 6
7 15
9 5
14 4
20 2
7 20
1 8
6 18
3 16
19 8
13 8
13 3
18 7
6 4
3 5
2 13
16 11
3 20
20 12
18 10
17 6
7 15
9 5
14 4
20 3
7 20
1 8
6 18
3 16
19 8
13 8
13 3
18 7
6 4
3 5
2 13
16 11
3 20
20 12
18 10
17 6
7 15
9 5
14 4
20 4
7 20
1 8
6 18
3 16
19 8
13 8
13 3
18 7
6 4
3 5
2 13
16 11
3 20
20 12
18 10
17 6
7 15
9 5
14 4
20 5
7 20
1 8
6 18
3 16
19 8
13 8
13 3
18 7
6 4
3 5
2 13
16 11
3 20
20 12
18 10
17 6
7 15
9 5
14 4
20 1
20 6
19 16
20 19
20 1
18 12
3 2
8 18
13 10
7 20
13 18
16 15
11 19
1 10
8 14
18 17
4 5
3 9
14 2
15 4
20 2
20 6
19 16
20 19
20 1
18 12
3 2
8 18
13 10
7 20
13 18
16 15
11 19
1 10
8 14
18 17
4 5
3 9
14 2
15 4
20 3
20 6
19 16
20 19
20 1
18 12
3 2
8 18
13 10
7 20
13 18
16 15
11 19
1 10
8 14
18 17
4 5
3 9
14 2
15 4
20 4
20 6
19 16
20 19
20 1
18 12
3 2
8 18
13 10
7 20
13 18
16 15
11 19
1 10
8 14
18 17
4 5
3 9
14 2
15 4
20 5
20 6
19 16
20 19
20 1
18 12
3 2
8 18
13 10
7 20
13 18
16 15
11 19
1 10
8 14
18 17
4 5
3 9
14 2
15 4
20 1
10 18
1 4
9 5
19 15
9 1
1 13
14 18
7 9
4 17
8 20
5 18
1 15
7 12
11 6
18 2
16 3
10 6
15 20
10 3
20 2
10 18
1 4
9 5
19 15
9 1
1 13
14 18
7 9
4 17
8 20
5 18
1 15
7 12
11 6
18 2
16 3
10 6
15 20
10 3
20 3
10 18
1 4
9 5
19 15
9 1
1 13
14 18
7 9
4 17
8 20
5 18
1 15
7 12
11 6
18 2
16 3
10 6
15 20
10 3
20 4
10 18
1 4
9 5
19 15
9 1
1 13
14 18
7 9
4 17
8 20
5 18
1 15
7 12
11 6
18 2
16 3
10 6
15 20
10 3
20 5
10 18
1 4
9 5
19 15
9 1
1 13
14 18
7 9
4 17
8 20
5 18
1 15
7 12
11 6
18 2
16 3
10 6
15 20
10 3
20 1
16 4
3 20
9 20
12 7
17 18
11 10
8 15
1 7
15 20
11 6
6 9
20 16
2 11
16 13
7 5
17 7
14 10
14 5
19 13
20 2
16 4
3 20
9 20
12 7
17 18
11 10
8 15
1 7
15 20
11 6
6 9
20 16
2 11
16 13
7 5
17 7
14 10
14 5
19 13
20 3
16 4
3 20
9 20
12 7
17 18
11 10
8 15
1 7
15 20
11 6
6 9
20 16
2 11
16 13
7 5
17 7
14 10
14 5
19 13
20 4
16 4
3 20
9 20
12 7
17 18
11 10
8 15
1 7
15 20
11 6
6 9
20 16
2 11
16 13
7 5
17 7
14 10
14 5
19 13
20 5
16 4
3 20
9 20
12 7
17 18
11 10
8 15
1 7
15 20
11 6
6 9
20 16
2 11
16 13
7 5
17 7
14 10
14 5
19 13
20 1
17 14
17 1
20 12
5 7
20 5
6 9
3 19
18 15
7 18
17 12
20 13
2 12
3 17
8 12
13 16
10 17
12 6
13 4
12 11
20 2
17 14
17 1
20 12
5 7
20 5
6 9
3 19
18 15
7 18
17 12
20 13
2 12
3 17
8 12
13 16
10 17
12 6
13 4
12 11
20 3
17 14
17 1
20 12
5 7
20 5
6 9
3 19
18 15
7 18
17 12
20 13
2 12
3 17
8 12
13 16
10 17
12 6
13 4
12 11
20 4
17 14
17 1
20 12
5 7
20 5
6 9
3 19
18 15
7 18
17 12
20 13
2 12
3 17
8 12
13 16
10 17
12 6
13 4
12 11
20 5
17 14
17 1
20 12
5 7
20 5
6 9
3 19
18 15
7 18
17 12
20 13
2 12
3 17
8 12
13 16
10 17
12 6
13 4
12 11
20 1
12 18
17 15
7 9
6 2
5 15
2 16
9 20
2 1
20 16
2 4
16 18
15 6
5 8
6 14
19 18
17 3
10 6
13 7
11 16
20 2
12 18
17 15
7 9
6 2
5 15
2 16
9 20
2 1
20 16
2 4
16 18
15 6
5 8
6 14
19 18
17 3
10 6
13 7
11 16
20 3
12 18
17 15
7 9
6 2
5 15
2 16
9 20
2 1
20 16
2 4
16 18
15 6
5 8
6 14
19 18
17 3
10 6
13 7
11 16
20 4
12 18
17 15
7 9
6 2
5 15
2 16
9 20
2 1
20 16
2 4
16 18
15 6
5 8
6 14
19 18
17 3
10 6
13 7
11 16
20 5
12 18
17 15
7 9
6 2
5 15
2 16
9 20
2 1
20 16
2 4
16 18
15 6
5 8
6 14
19 18
17 3
10 6
13 7
11 16
20 1
18 10
5 7
5 20
10 15
10 1
18 14
13 2
3 13
7 4
10 17
14 9
1 5
17 6
19 20
16 1
3 20
8 2
3 12
3 11
20 2
18 10
5 7
5 20
10 15
10 1
18 14
13 2
3 13
7 4
10 17
14 9
1 5
17 6
19 20
16 1
3 20
8 2
3 12
3 11
20 3
18 10
5 7
5 20
10 15
10 1
18 14
13 2
3 13
7 4
10 17
14 9
1 5
17 6
19 20
16 1
3 20
8 2
3 12
3 11
20 4
18 10
5 7
5 20
10 15
10 1
18 14
13 2
3 13
7 4
10 17
14 9
1 5
17 6
19 20
16 1
3 20
8 2
3 12
3 11
20 5
18 10
5 7
5 20
10 15
10 1
18 14
13 2
3 13
7 4
10 17
14 9
1 5
17 6
19 20
16 1
3 20
8 2
3 12
3 11
20 1
10 14
7 12
15 17
8 4
3 13
12 3
10 15
2 9
8 5
16 20
20 1
8 2
3 10
6 17
17 2
1 10
19 3
11 18
11 12
20 2
10 14
7 12
15 17
8 4
3 13
12 3
10 15
2 9
8 5
16 20
20 1
8 2
3 10
6 17
17 2
1 10
19 3
11 18
11 12
20 3
10 14
7 12
15 17
8 4
3 13
12 3
10 15
2 9
8 5
16 20
20 1
8 2
3 10
6 17
17 2
1 10
19 3
11 18
11 12
20 4
10 14
7 12
15 17
8 4
3 13
12 3
10 15
2 9
8 5
16 20
20 1
8 2
3 10
6 17
17 2
1 10
19 3
11 18
11 12
20 5
10 14
7 12
15 17
8 4
3 13
12 3
10 15
2 9
8 5
16 20
20 1
8 2
3 10
6 17
17 2
1 10
19 3
11 18
11 12
20 1
2 16
4 13
7 9
18 17
17 12
12 14
1 4
3 8
13 16
7 3
8 4
15 12
18 5
13 18
10 2
3 19
6 14
12 11
4 20
20 2
2 16
4 13
7 9
18 17
17 12
12 14
1 4
3 8
13 16
7 3
8 4
15 12
18 5
13 18
10 2
3 19
6 14
12 11
4 20
20 3
2 16
4 13
7 9
18 17
17 12
12 14
1 4
3 8
13 16
7 3
8 4
15 12
18 5
13 18
10 2
3 19
6 14
12 11
4 20
20 4
2 16
4 13
7 9
18 17
17 12
12 14
1 4
3 8
13 16
7 3
8 4
15 12
18 5
13 18
10 2
3 19
6 14
12 11
4 20
20 5
2 16
4 13
7 9
18 17
17 12
12 14
1 4
3 8
13 16
7 3
8 4
15 12
18 5
13 18
10 2
3 19
6 14
12 11
4 20
20 1
10 4
1 4
6 3
5 7
19 20
6 1
20 14
7 3
10 16
9 2
11 7
12 18
11 8
10 14
5 17
4 18
3 15
11 9
9 13
20 2
10 4
1 4
6 3
5 7
19 20
6 1
20 14
7 3
10 16
9 2
11 7
12 18
11 8
10 14
5 17
4 18
3 15
11 9
9 13
20 3
10 4
1 4
6 3
5 7
19 20
6 1
20 14
7 3
10 16
9 2
11 7
12 18
11 8
10 14
5 17
4 18
3 15
11 9
9 13
20 4
10 4
1 4
6 3
5 7
19 20
6 1
20 14
7 3
10 16
9 2
11 7
12 18
11 8
10 14
5 17
4 18
3 15
11 9
9 13
20 5
10 4
1 4
6 3
5 7
19 20
6 1
20 14
7 3
10 16
9 2
11 7
12 18
11 8
10 14
5 17
4 18
3 15
11 9
9 13
20 1
17 13
3 18
2 8
11 18
12 3
20 1
13 10
17 4
8 5
14 17
20 8
15 3
6 13
12 2
10 5
19 12
16 17
7 17
12 9
20 2
17 13
3 18
2 8
11 18
12 3
20 1
13 10
17 4
8 5
14 17
20 8
15 3
6 13
12 2
10 5
19 12
16 17
7 17
12 9
20 3
17 13
3 18
2 8
11 18
12 3
20 1
13 10
17 4
8 5
14 17
20 8
15 3
6 13
12 2
10 5
19 12
16 17
7 17
12 9
20 4
17 13
3 18
2 8
11 18
12 3
20 1
13 10
17 4
8 5
14 17
20 8
15 3
6 13
12 2
10 5
19 12
16 17
7 17
12 9
20 5
17 13
3 18
2 8
11 18
12 3
20 1
13 10
17 4
8 5
14 17
20 8
15 3
6 13
12 2
10 5
19 12
16 17
7 17
12 9
20 1
18 9
19 13
7 20
4 15
11 14
9 4
2 11
6 3
3 13
19 17
11 3
15 1
16 11
5 15
8 18
18 10
12 6
12 5
6 20
20 2
18 9
19 13
7 20
4 15
11 14
9 4
2 11
6 3
3 13
19 17
11 3
15 1
16 11
5 15
8 18
18 10
12 6
12 5
6 20
20 3
18 9
19 13
7 20
4 15
11 14
9 4
2 11
6 3
3 13
19 17
11 3
15 1
16 11
5 15
8 18
18 10
12 6
12 5
6 20
20 4
18 9
19 13
7 20
4 15
11 14
9 4
2 11
6 3
3 13
19 17
11 3
15 1
16 11
5 15
8 18
18 10
12 6
12 5
6 20
20 5
18 9
19 13
7 20
4 15
11 14
9 4
2 11
6 3
3 13
19 17
11 3
15 1
16 11
5 15
8 18
18 10
12 6
12 5
6 20
20 1
12 18
6 20
5 3
1 20
4 7
11 16
15 13
1 15
15 5
5 4
8 13
18 8
9 7
10 2
18 2
18 19
11 18
11 17
14 10
20 2
12 18
6 20
5 3
1 20
4 7
11 16
15 13
1 15
15 5
5 4
8 13
18 8
9 7
10 2
18 2
18 19
11 18
11 17
14 10
20 3
12 18
6 20
5 3
1 20
4 7
11 16
15 13
1 15
15 5
5 4
8 13
18 8
9 7
10 2
18 2
18 19
11 18
11 17
14 10
20 4
12 18
6 20
5 3
1 20
4 7
11 16
15 13
1 15
15 5
5 4
8 13
18 8
9 7
10 2
18 2
18 19
11 18
11 17
14 10
20 5
12 18
6 20
5 3
1 20
4 7
11 16
15 13
1 15
15 5
5 4
8 13
18 8
9 7
10 2
18 2
18 19
11 18
11 17
14 10
20 1
3 12
1 14
17 18
18 15
12 10
20 14
10 13
20 10
7 5
3 8
11 3
17 4
8 5
10 9
8 17
2 12
7 19
4 16
14 6
20 2
3 12
1 14
17 18
18 15
12 10
20 14
10 13
20 10
7 5
3 8
11 3
17 4
8 5
10 9
8 17
2 12
7 19
4 16
14 6
20 3
3 12
1 14
17 18
18 15
12 10
20 14
10 13
20 10
7 5
3 8
11 3
17 4
8 5
10 9
8 17
2 12
7 19
4 16
14 6
20 4
3 12
1 14
17 18
18 15
12 10
20 14
10 13
20 10
7 5
3 8
11 3
17 4
8 5
10 9
8 17
2 12
7 19
4 16
14 6
20 5
3 12
1 14
17 18
18 15
12 10
20 14
10 13
20 10
7 5
3 8
11 3
17 4
8 5
10 9
8 17
2 12
7 19
4 16
14 6
20 1
20 13
13 17
3 14
15 11
19 17
11 14
1 12
1 16
4 11
6 14
13 4
6 7
16 14
11 5
14 9
10 1
12 2
3 18
17 8
20 2
20 13
13 17
3 14
15 11
19 17
11 14
1 12
1 16
4 11
6 14
13 4
6 7
16 14
11 5
14 9
10 1
12 2
3 18
17 8
20 3
20 13
13 17
3 14
15 11
19 17
11 14
1 12
1 16
4 11
6 14
13 4
6 7
16 14
11 5
14 9
10 1
12 2
3 18
17 8
20 4
20 13
13 17
3 14
15 11
19 17
11 14
1 12
1 16
4 11
6 14
13 4
6 7
16 14
11 5
14 9
10 1
12 2
3 18
17 8
20 5
20 13
13 17
3 14
15 11
19 17
11 14
1 12
1 16
4 11
6 14
13 4
6 7
16 14
11 5
14 9
10 1
12 2
3 18
17 8
20 1
18 2
17 2
14 4
9 3
8 17
6 9
3 11
9 17
12 2
12 14
4 13
19 2
20 2
13 5
15 6
1 18
10 11
12 7
16 14
20 2
18 2
17 2
14 4
9 3
8 17
6 9
3 11
9 17
12 2
12 14
4 13
19 2
20 2
13 5
15 6
1 18
10 11
12 7
16 14
20 3
18 2
17 2
14 4
9 3
8 17
6 9
3 11
9 17
12 2
12 14
4 13
19 2
20 2
13 5
15 6
1 18
10 11
12 7
16 14
20 4
18 2
17 2
14 4
9 3
8 17
6 9
3 11
9 17
12 2
12 14
4 13
19 2
20 2
13 5
15 6
1 18
10 11
12 7
16 14
20 5
18 2
17 2
14 4
9 3
8 17
6 9
3 11
9 17
12 2
12 14
4 13
19 2
20 2
13 5
15 6
1 18
10 11
12 7
16 14
20 1
20 6
5 14
18 12
2 1
1 19
17 16
13 6
4 3
3 8
1 12
7 8
13 8
19 8
11 5
11 6
6 9
17 20
10 16
17 15
20 2
20 6
5 14
18 12
2 1
1 19
17 16
13 6
4 3
3 8
1 12
7 8
13 8
19 8
11 5
11 6
6 9
17 20
10 16
17 15
20 3
20 6
5 14
18 12
2 1
1 19
17 16
13 6
4 3
3 8
1 12
7 8
13 8
19 8
11 5
11 6
6 9
17 20
10 16
17 15
20 4
20 6
5 14
18 12
2 1
1 19
17 16
13 6
4 3
3 8
1 12
7 8
13 8
19 8
11 5
11 6
6 9
17 20
10 16
17 15
20 5
20 6
5 14
18 12
2 1
1 19
17 16
13 6
4 3
3 8
1 12
7 8
13 8
19 8
11 5
11 6
6 9
17 20
10 16
17 15
